0 0.099609375 0.13071875 0.07179687500000001 0.07875
0 0.21751562500000002 0.09234375 0.06484375 0.0476875
0 0.310140625 0.14128125 0.08887500000000001 0.06118749999999999
0 0.423140625 0.1954375 0.055406250000000004 0.06393750000000001
0 0.52725 0.311421875 0.054515625 0.053125
0 0.65853125 0.3115 0.06225000000000001 0.067703125
0 0.74528125 0.31970312500000003 0.079515625 0.09614062500000001
0 0.541390625 0.455046875 0.068359375 0.09759375
0 0.631734375 0.435359375 0.049546875000000004 0.060609375
0 0.727515625 0.48207812499999997 0.047515625 0.0681875
1 0.765015625 0.45473437499999997 0.066125 0.090546875