0 0.3484375 0.057296875000000004 0.0886875 0.10259375
0 0.214390625 0.1910625 0.097046875 0.103265625
0 0.148328125 0.338265625 0.10674999999999998 0.0755625
0 0.03965625 0.186796875 0.079328125 0.10371875
0 0.555828125 0.04146875 0.099875 0.0829375
0 0.776484375 0.051078124999999995 0.08885937499999999 0.10215624999999999
0 0.7636875 0.21642187499999999 0.078390625 0.12484375
0 0.686296875 0.24515625000000002 0.103359375 0.12253125000000001
0 0.5843906249999999 0.28784375 0.08842187500000001 0.15267187499999998
0 0.85678125 0.40046875000000004 0.10540624999999999 0.094203125
0 0.9250937499999999 0.09934375 0.095375 0.1361875