0 0.0828125 0.3095 0.083890625 0.09975
0 0.164609375 0.222203125 0.1345 0.13671875
0 0.243921875 0.15237499999999998 0.11767187500000001 0.129265625
0 0.331390625 0.30729687499999997 0.11768749999999999 0.11699999999999999
0 0.5172343749999999 0.311734375 0.150625 0.15714062499999998
0 0.47154687500000003 0.262859375 0.08010937500000001 0.090609375
0 0.6472187500000001 0.1956875 0.08290625 0.06443750000000001
0 0.6759375000000001 0.286703125 0.16734374999999999 0.11890624999999999
0 0.774640625 0.2376875 0.10371875 0.13403125
0 0.89240625 0.20842187499999998 0.133453125 0.166828125
0 0.962296875 0.28121874999999996 0.058578125 0.06496874999999999