0 0.08984375 0.4385 0.1171875 0.13903125
0 0.196671875 0.370625 0.107296875 0.135484375
0 0.315 0.658875 0.13684375 0.17024999999999998
0 0.393359375 0.049578125 0.072765625 0.0510625
0 0.4404375 0.153046875 0.080671875 0.068109375
0 0.535109375 0.186921875 0.06782812499999999 0.131046875
0 0.57721875 0.036203125 0.079921875 0.065203125
0 0.6475 0.09609375 0.06796875 0.0671875
0 0.750890625 0.079078125 0.077546875 0.05240625
0 0.75075 0.234640625 0.08745312499999999 0.12071875000000001
0 0.619984375 0.55040625 0.09814062500000001 0.163328125
0 0.8553593749999999 0.451140625 0.09053125 0.164296875